[01]1 [03]30 [04]3 [08]1 [09]3 [10]3 [11]3 [12]1 [14]0     --hit_count:7

[01]1 [03]30 [04]3 [08]1 [09]1 [10]3 [11]3 [12]1 [14]1     --hit_count:7

[01]1 [03]30 [04]1 [08]1 [09]3 [10]3 [11]3 [12]1 [14]3     --hit_count:7

[01]1 [03]30 [04]10 [08]1 [09]1 [10]3 [11]3 [12]1 [14]0     --hit_count:9

[01]1 [03]30 [04]0 [08]1 [09]3 [10]1 [11]3 [12]1 [14]1     --hit_count:5

[01]1 [03]1 [04]10 [08]1 [09]3 [10]3 [11]3 [12]30 [14]1     --hit_count:5

[01]1 [03]10 [04]1 [08]1 [09]3 [10]1 [11]3 [12]1 [14]1     --hit_count:6

[01]1 [03]1 [04]10 [08]1 [09]3 [10]1 [11]3 [12]1 [14]0     --hit_count:6

[01]1 [03]1 [04]10 [08]1 [09]1 [10]3 [11]3 [12]1 [14]3     --hit_count:7

[01]0 [03]30 [04]3 [08]3 [09]3 [10]3 [11]3 [12]1 [14]1     --hit_count:4

[01]0 [03]30 [04]3 [08]1 [09]3 [10]3 [11]3 [12]3 [14]0     --hit_count:5

[01]0 [03]30 [04]3 [08]1 [09]3 [10]1 [11]3 [12]1 [14]3     --hit_count:4

[01]0 [03]30 [04]3 [08]1 [09]1 [10]3 [11]3 [12]30 [14]1     --hit_count:5

[01]0 [03]30 [04]3 [08]1 [09]1 [10]1 [11]3 [12]1 [14]0     --hit_count:6

[01]0 [03]30 [04]3 [08]1 [09]0 [10]3 [11]3 [12]1 [14]1     --hit_count:5

[01]0 [03]30 [04]10 [08]3 [09]3 [10]3 [11]3 [12]1 [14]0     --hit_count:6

[01]0 [03]30 [04]10 [08]3 [09]1 [10]3 [11]3 [12]1 [14]1     --hit_count:6

[01]0 [03]3 [04]10 [08]1 [09]3 [10]3 [11]3 [12]3 [14]3     --hit_count:4

[01]0 [03]30 [04]10 [08]1 [09]3 [10]1 [11]3 [12]30 [14]1     --hit_count:4

[01]0 [03]3 [04]10 [08]1 [09]1 [10]3 [11]3 [12]30 [14]0     --hit_count:6

[01]0 [03]30 [04]10 [08]1 [09]1 [10]1 [11]3 [12]1 [14]3     --hit_count:6

[01]0 [03]30 [04]10 [08]1 [09]0 [10]3 [11]3 [12]1 [14]0     --hit_count:7

[01]0 [03]30 [04]0 [08]1 [09]1 [10]3 [11]3 [12]0 [14]3     --hit_count:5

[01]0 [03]10 [04]3 [08]1 [09]3 [10]3 [11]3 [12]30 [14]3     --hit_count:4

[01]0 [03]1 [04]3 [08]1 [09]3 [10]1 [11]3 [12]30 [14]1     --hit_count:2

[01]0 [03]1 [04]3 [08]1 [09]1 [10]3 [11]3 [12]30 [14]0     --hit_count:5

[01]0 [03]1 [04]10 [08]3 [09]3 [10]3 [11]3 [12]1 [14]3     --hit_count:4

[01]0 [03]1 [04]10 [08]3 [09]1 [10]3 [11]3 [12]1 [14]0     --hit_count:6

[01]0 [03]1 [04]10 [08]1 [09]3 [10]1 [11]3 [12]30 [14]0     --hit_count:4

[01]0 [03]1 [04]10 [08]1 [09]3 [10]0 [11]3 [12]1 [14]1     --hit_count:4

[01]0 [03]10 [04]1 [08]1 [09]1 [10]3 [11]3 [12]30 [14]3     --hit_count:6

[01]0 [03]1 [04]10 [08]1 [09]1 [10]1 [11]3 [12]30 [14]1     --hit_count:4

[01]0 [03]1 [04]10 [08]1 [09]0 [10]3 [11]3 [12]1 [14]3     --hit_count:5

[01]0 [03]10 [04]0 [08]1 [09]1 [10]3 [11]3 [12]3 [14]3     --hit_count:5




[01]0 [03]0 [04]0 [08]1 [09]0 [10]3 [11]3 [12]1 [14]3     --hit_count:5

[01]0 [03]0 [04]0 [08]1 [09]3 [10]1 [11]3 [12]0 [14]0     --hit_count:4

[01]0 [03]0 [04]0 [08]3 [09]3 [10]3 [11]3 [12]1 [14]3     --hit_count:4

[01]0 [03]0 [04]3 [08]1 [09]1 [10]3 [11]3 [12]0 [14]0     --hit_count:6

[01]0 [03]1 [04]0 [08]1 [09]0 [10]1 [11]3 [12]1 [14]1     --hit_count:3

[01]0 [03]1 [04]0 [08]3 [09]3 [10]1 [11]3 [12]1 [14]1     --hit_count:2

[01]0 [03]1 [04]3 [08]1 [09]0 [10]3 [11]3 [12]1 [14]0     --hit_count:5

[01]0 [03]1 [04]3 [08]1 [09]1 [10]1 [11]3 [12]1 [14]3     --hit_count:4

[01]0 [03]1 [04]3 [08]3 [09]1 [10]3 [11]3 [12]1 [14]1     --hit_count:4

[01]0 [03]1 [04]3 [08]3 [09]3 [10]3 [11]3 [12]1 [14]0     --hit_count:4

[01]0 [03]3 [04]1 [08]1 [09]3 [10]3 [11]3 [12]0 [14]3     --hit_count:4

[01]0 [03]3 [04]3 [08]1 [09]3 [10]3 [11]3 [12]0 [14]0     --hit_count:4

[01]1 [03]0 [04]0 [08]1 [09]1 [10]3 [11]3 [12]1 [14]3     --hit_count:7

[01]1 [03]1 [04]0 [08]1 [09]1 [10]1 [11]3 [12]1 [14]1     --hit_count:5

[01]1 [03]1 [04]3 [08]1 [09]1 [10]3 [11]3 [12]1 [14]0     --hit_count:7

[01]1 [03]1 [04]3 [08]1 [09]3 [10]3 [11]3 [12]1 [14]3     --hit_count:5

[01]1 [03]3 [04]0 [08]1 [09]3 [10]3 [11]3 [12]1 [14]3     --hit_count:5




