[03]3 [04]3 [05]31 [06]31 [07]10 [08]3 [10]31 [11]31 [13]0 

[03]3 [04]10 [05]31 [06]31 [07]3 [08]3 [10]31 [11]31 [13]0 

[03]3 [04]1 [05]31 [06]31 [07]10 [08]3 [10]31 [11]31 [13]1 

[03]3 [04]0 [05]31 [06]31 [07]3 [08]3 [10]31 [11]31 [13]1 

[03]3 [04]0 [05]31 [06]31 [07]0 [08]3 [10]31 [11]31 [13]3 

[03]10 [04]3 [05]31 [06]31 [07]3 [08]3 [10]31 [11]31 [13]1 

[03]1 [04]3 [05]31 [06]31 [07]3 [08]3 [10]31 [11]31 [13]0 

[03]10 [04]3 [05]31 [06]31 [07]0 [08]3 [10]31 [11]31 [13]3 

[03]10 [04]10 [05]31 [06]31 [07]3 [08]3 [10]31 [11]31 [13]3 

[03]0 [04]3 [05]31 [06]31 [07]1 [08]3 [10]31 [11]31 [13]3 

