[01]3 [04]31 [06]3 [07]31 [08]3 [09]3 [10]31 [11]1 [12]31 

[01]310 [04]31 [06]3 [07]3 [08]3 [09]3 [10]1 [11]3 [12]31 

[01]31 [04]31 [06]3 [07]3 [08]3 [09]310 [10]0 [11]1 [12]31 

[01]31 [04]31 [06]3 [07]3 [08]3 [09]1 [10]31 [11]3 [12]31 

[01]3 [04]31 [06]3 [07]31 [08]3 [09]1 [10]3 [11]1 [12]31 

[01]3 [04]31 [06]3 [07]3 [08]3 [09]10 [10]1 [11]1 [12]31 

[01]3 [04]31 [06]3 [07]31 [08]3 [09]1 [10]10 [11]0 [12]31 

[01]31 [04]31 [06]3 [07]3 [08]3 [09]0 [10]3 [11]1 [12]31 

[01]3 [04]31 [06]3 [07]31 [08]3 [09]0 [10]1 [11]0 [12]31 

[01]3 [04]31 [06]3 [07]31 [08]1 [09]3 [10]31 [11]3 [12]31 

[01]310 [04]31 [06]3 [07]3 [08]1 [09]31 [10]0 [11]3 [12]31 

[01]3 [04]31 [06]3 [07]31 [08]10 [09]3 [10]0 [11]1 [12]31 

[01]3 [04]31 [06]3 [07]31 [08]10 [09]1 [10]3 [11]3 [12]31 

[01]3 [04]31 [06]3 [07]3 [08]10 [09]1 [10]1 [11]3 [12]31 

[01]3 [04]31 [06]3 [07]3 [08]10 [09]1 [10]0 [11]1 [12]31 

[01]3 [04]31 [06]3 [07]31 [08]1 [09]10 [10]0 [11]0 [12]31 

[01]31 [04]31 [06]3 [07]3 [08]1 [09]0 [10]31 [11]3 [12]31 

[01]3 [04]31 [06]3 [07]31 [08]1 [09]0 [10]3 [11]1 [12]31 

[01]3 [04]31 [06]3 [07]3 [08]10 [09]0 [10]1 [11]1 [12]31 

[01]31 [04]31 [06]3 [07]3 [08]10 [09]0 [10]0 [11]1 [12]31 

[01]3 [04]31 [06]3 [07]31 [08]0 [09]3 [10]1 [11]3 [12]31 

[01]31 [04]31 [06]3 [07]3 [08]0 [09]1 [10]0 [11]3 [12]31 

[01]31 [04]31 [06]3 [07]3 [08]0 [09]0 [10]1 [11]3 [12]31 

[01]3 [04]31 [06]3 [07]1 [08]3 [09]310 [10]3 [11]0 [12]31 

[01]3 [04]31 [06]3 [07]1 [08]3 [09]3 [10]10 [11]0 [12]31 

[01]3 [04]31 [06]3 [07]10 [08]1 [09]3 [10]0 [11]0 [12]31 

[01]3 [04]31 [06]3 [07]10 [08]1 [09]0 [10]3 [11]0 [12]31 

[01]3 [04]31 [06]3 [07]1 [08]10 [09]0 [10]1 [11]0 [12]31 

[01]3 [04]31 [06]3 [07]1 [08]0 [09]30 [10]3 [11]3 [12]31 

[01]3 [04]31 [06]3 [07]1 [08]0 [09]310 [10]0 [11]0 [12]31 

[01]3 [04]31 [06]3 [07]1 [08]0 [09]1 [10]1 [11]3 [12]31 

[01]3 [04]31 [06]3 [07]1 [08]0 [09]10 [10]0 [11]1 [12]31 

[01]3 [04]31 [06]3 [07]10 [08]0 [09]0 [10]3 [11]1 [12]31 

[01]3 [04]31 [06]3 [07]1 [08]0 [09]0 [10]3 [11]0 [12]31 

[01]3 [04]31 [06]3 [07]1 [08]0 [09]0 [10]1 [11]1 [12]31 

[01]310 [04]31 [06]3 [07]0 [08]3 [09]1 [10]3 [11]0 [12]31 

[01]3 [04]31 [06]3 [07]0 [08]10 [09]3 [10]31 [11]1 [12]31 

[01]3 [04]31 [06]3 [07]0 [08]1 [09]31 [10]3 [11]0 [12]31 

[01]3 [04]31 [06]3 [07]0 [08]10 [09]31 [10]1 [11]0 [12]31 

[01]3 [04]31 [06]3 [07]0 [08]10 [09]1 [10]3 [11]1 [12]31 

[01]3 [04]31 [06]3 [07]0 [08]0 [09]1 [10]30 [11]0 [12]31 

[01]3 [04]31 [06]3 [07]0 [08]0 [09]1 [10]1 [11]1 [12]31 

[01]310 [04]31 [06]3 [07]0 [08]0 [09]0 [10]1 [11]0 [12]31 

[01]1 [04]31 [06]3 [07]31 [08]3 [09]3 [10]3 [11]3 [12]31 

[01]1 [04]31 [06]3 [07]3 [08]30 [09]3 [10]0 [11]3 [12]31 

[01]10 [04]31 [06]3 [07]3 [08]3 [09]1 [10]0 [11]3 [12]31 

[01]1 [04]31 [06]3 [07]3 [08]3 [09]0 [10]31 [11]3 [12]31 

[01]10 [04]31 [06]3 [07]3 [08]3 [09]0 [10]1 [11]1 [12]31 

[01]1 [04]31 [06]3 [07]31 [08]3 [09]0 [10]0 [11]0 [12]31 

[01]10 [04]31 [06]3 [07]3 [08]1 [09]0 [10]0 [11]3 [12]31 

[01]1 [04]31 [06]3 [07]31 [08]0 [09]0 [10]0 [11]3 [12]31 

[01]10 [04]31 [06]3 [07]1 [08]3 [09]3 [10]1 [11]3 [12]31 

[01]10 [04]31 [06]3 [07]1 [08]3 [09]3 [10]0 [11]10 [12]31 

[01]10 [04]31 [06]3 [07]1 [08]3 [09]1 [10]3 [11]3 [12]31 

[01]10 [04]31 [06]3 [07]1 [08]3 [09]1 [10]0 [11]0 [12]31 

[01]10 [04]31 [06]3 [07]1 [08]3 [09]0 [10]3 [11]10 [12]31 

[01]10 [04]31 [06]3 [07]10 [08]3 [09]0 [10]1 [11]0 [12]31 

[01]10 [04]31 [06]3 [07]1 [08]10 [09]3 [10]0 [11]3 [12]31 

[01]10 [04]31 [06]3 [07]1 [08]10 [09]0 [10]3 [11]3 [12]31 

[01]10 [04]31 [06]3 [07]10 [08]1 [09]0 [10]0 [11]0 [12]31 

[01]10 [04]31 [06]3 [07]1 [08]0 [09]1 [10]0 [11]3 [12]31 

[01]10 [04]31 [06]3 [07]1 [08]0 [09]0 [10]1 [11]3 [12]31 

[01]10 [04]31 [06]3 [07]1 [08]0 [09]0 [10]0 [11]1 [12]31 

[01]1 [04]31 [06]3 [07]10 [08]0 [09]0 [10]0 [11]0 [12]31 

[01]10 [04]31 [06]3 [07]0 [08]3 [09]3 [10]31 [11]1 [12]31 

[01]1 [04]31 [06]3 [07]0 [08]3 [09]30 [10]3 [11]0 [12]31 

[01]10 [04]31 [06]3 [07]0 [08]3 [09]31 [10]1 [11]0 [12]31 

[01]1 [04]31 [06]3 [07]0 [08]310 [09]3 [10]0 [11]0 [12]31 

[01]10 [04]31 [06]3 [07]0 [08]3 [09]1 [10]3 [11]1 [12]31 

[01]10 [04]31 [06]3 [07]0 [08]1 [09]31 [10]3 [11]3 [12]31 

[01]10 [04]31 [06]3 [07]0 [08]10 [09]3 [10]0 [11]1 [12]31 

[01]10 [04]31 [06]3 [07]0 [08]10 [09]1 [10]0 [11]0 [12]31 

[01]10 [04]31 [06]3 [07]0 [08]1 [09]0 [10]3 [11]10 [12]31 

[01]10 [04]31 [06]3 [07]0 [08]1 [09]0 [10]1 [11]0 [12]31 

[01]1 [04]31 [06]3 [07]0 [08]0 [09]310 [10]3 [11]3 [12]31 

[01]10 [04]31 [06]3 [07]0 [08]0 [09]31 [10]1 [11]3 [12]31 

[01]10 [04]31 [06]3 [07]0 [08]0 [09]1 [10]0 [11]1 [12]31 

[01]10 [04]31 [06]3 [07]0 [08]0 [09]0 [10]31 [11]1 [12]31 

[01]1 [04]31 [06]3 [07]0 [08]0 [09]0 [10]3 [11]0 [12]31 

[01]0 [04]31 [06]3 [07]31 [08]3 [09]10 [10]1 [11]3 [12]31 

[01]0 [04]31 [06]3 [07]31 [08]3 [09]10 [10]0 [11]1 [12]31 

[01]0 [04]31 [06]3 [07]31 [08]1 [09]0 [10]1 [11]3 [12]31 

[01]0 [04]31 [06]3 [07]1 [08]3 [09]30 [10]3 [11]3 [12]31 

[01]0 [04]31 [06]3 [07]1 [08]3 [09]31 [10]0 [11]3 [12]31 

[01]0 [04]31 [06]3 [07]1 [08]3 [09]0 [10]1 [11]1 [12]31 

[01]0 [04]31 [06]3 [07]1 [08]3 [09]0 [10]0 [11]0 [12]31 

[01]0 [04]31 [06]3 [07]1 [08]1 [09]10 [10]0 [11]3 [12]31 

[01]0 [04]31 [06]3 [07]1 [08]1 [09]0 [10]0 [11]1 [12]31 

[01]0 [04]31 [06]3 [07]1 [08]0 [09]0 [10]0 [11]3 [12]31 

[01]0 [04]31 [06]3 [07]0 [08]30 [09]1 [10]3 [11]3 [12]31 

[01]0 [04]31 [06]3 [07]0 [08]3 [09]1 [10]1 [11]1 [12]31 

[01]0 [04]31 [06]3 [07]0 [08]3 [09]1 [10]0 [11]0 [12]31 

[01]0 [04]31 [06]3 [07]0 [08]3 [09]0 [10]3 [11]1 [12]31 

[01]0 [04]31 [06]3 [07]0 [08]1 [09]31 [10]1 [11]3 [12]31 

[01]0 [04]31 [06]3 [07]0 [08]1 [09]3 [10]0 [11]0 [12]31 

[01]0 [04]31 [06]3 [07]0 [08]1 [09]1 [10]0 [11]1 [12]31 

[01]0 [04]31 [06]3 [07]0 [08]1 [09]0 [10]3 [11]3 [12]31 

[01]0 [04]31 [06]3 [07]0 [08]1 [09]0 [10]1 [11]1 [12]31 

[01]0 [04]31 [06]3 [07]0 [08]0 [09]1 [10]0 [11]3 [12]31 

[01]0 [04]31 [06]3 [07]0 [08]0 [09]0 [10]1 [11]3 [12]31 

[01]0 [04]31 [06]3 [07]0 [08]0 [09]0 [10]0 [11]1 [12]31 




