10001012
10001021
10010012
10011002
10011003
10011011
10011012
10020011
10020012
10020013
10020022
10020023
10021001
10021002
10021003
10021011
10021012
10021013
10021022
10021023
10030011
10030012
10030013
10030022
10030023
10031001
10031002
10031003
10031011
10031012
10031013
10031022
10031023
10100012
10100021
10101002
10101003
10101011
10101012
10101020
10101021
10110002
10110003
10110011
10110012
10110013
10110020
10110021
10110022
10110023
10111001
10111002
10111003
10111010
10111011
10111012
10111013
10111020
10111021
10111022
10111023
10120001
10120002
10120003
10120011
10120012
10120013
10120022
10120023
10121000
10121001
10121002
10121003
10121011
10121012
10121013
10121022
10121023
10130002
10130003
10130011
10130012
10131002
10131003
10131011
10131012
20001011
20001012
20001013
20001021
20001022
20001023
20010011
20010012
20010013
20010022
20010023
20011001
20011002
20011003
20011011
20011012
20011013
20011022
20011023
20020011
20020012
20020013
20021001
20021002
20021003
20021011
20021012
20021013
20021022
20021023
20030011
20030012
20030013
20031001
20031002
20031003
20031011
20031012
20031013
20031022
20031023
20100011
20100012
20100013
20100021
20100022
20100023
20101001
20101002
20101003
20101010
20101011
20101012
20101013
20101020
20101021
20101022
20101023
20110001
20110002
20110003
20110010
20110011
20110012
20110013
20110020
20110021
20110022
20110023
20111000
20111001
20111002
20111003
20111010
20111011
20111012
20111013
20111020
20111021
20111022
20111023
20120001
20120002
20120003
20120011
20120012
20120013
20120022
20120023
20121000
20121001
20121002
20121003
20121011
20121012
20121013
20121022
20121023
20130001
20130002
20130003
20130011
20130012
20130013
20130022
20130023
20131000
20131001
20131002
20131003
20131011
20131012
20131013
20131022
30001011
30001012
30001013
30001021
30001022
30001023
30010011
30010012
30010013
30010022
30010023
30011001
30011002
30011003
30011011
30011012
30011013
30011022
30011023
30020011
30020012
30020013
30021001
30021002
30021003
30021011
30021012
30021013
30021022
30021023
30030011
30030012
30030013
30031001
30031002
30031003
30031011
30031012
30031013
30031022
30100011
30100012
30100013
30100021
30100022
30100023
30101001
30101002
30101003
30101010
30101011
30101012
30101013
30101020
30101021
30101022
30101023
30110001
30110002
30110003
30110010
30110011
30110012
30110013
30110020
30110021
30110022
30110023
30111000
30111001
30111002
30111003
30111010
30111011
30111012
30111013
30111020
30111021
30111022
30111023
30120001
30120002
30120003
30120011
30120012
30120013
30120022
30120023
30121000
30121001
30121002
30121003
30121011
30121012
30121013
30121022
30130001
30130002
30130003
30130011
30130012
30130013
30130022
30131000
30131001
30131002
30131003
30131011
30131012