10011131
10011230
10011231
10012031
10012130
10012131
10012230
10020131
10021031
10021130
10021131
10021230
10021231
10022030
10022031
10022130
10022131
10022230
10022231
10030031
10030121
10030130
10030131
10031021
10031030
10031031
10031120
10031121
10031130
10031131
10031210
10031220
10031221
10031230
10031231
10032020
10032021
10032030
10032031
10032110
10032120
10032121
10032130
10032131
10032210
10032220
10032221
10032230
10110131
10111031
10111130
10111131
10111230
10111231
10112030
10112031
10112130
10112131
10112230
10112231
10120031
10120130
10120131
10121030
10121031
10121130
10121131
10121230
10121231
10122030
10122031
10122130
10122131
10122230
10130021
10130030
10130120
10130121
10130130
10131020
10131021
10131030
10131110
10131120
10131121
10131130
10131131
10131210
10131220
10131221
10131230
10132010
10132020
10132021
10132030
10132031
10132110
10132120
10132121
10132130
10132220
10210031
10210130
10210131
10211030
10211031
10211130
10211131
10211230
10211231
10212030
10212031
10212130
10212131
10212230
10220030
10220130
10221030
10221130
10221131
10221230
10222030
10222031
10222130
10230020
10230021
10230030
10230120
10230121
10230130
10231020
10231021
10231030
10231110
10231120
10231121
10231130
10231210
10231220
10232010
10232020
10232021
10232030
10232110
10232120
11010131
11011031
11011130
11011131
11011230
11011231
11012030
11012031
11012130
11012131
11012230
11012231
11020031
11020130
11020131
11021030
11021031
11021130
11021131
11021230
11021231
11022030
11022031
11022130
11022131
11022230
11030021
11030030
11030031
11030120
11030121
11030130
11030131
11031020
11031021
11031030
11031031
11031110
11031120
11031121
11031130
11031131
11031210
11031220
11031221
11031230
11032010
11032020
11032021
11032030
11032031
11032110
11032120
11032121
11032130
11032210
11032220
11120030
11120031
11120130
11120131
11121030
11121031
11121130
11121131
11121230
11122030
11122031
11122130
11130020
11130021
11130030
11130031
11130110
11130120
11130121
11130130
11130131
11131010
11131020
11131021
11131030
11131031
11131110
11131120
11131121
11131130
11131210
11131220
11132010
11132020
11132021
11132030
11132110
11132120
11132210
11230010
11230020
11230021
11230030
11230031
11230110
11230120
11230121
11230130
11231010
11231020
11231021
11231030
11231110
11231120
11231210
11232010
11232020
11232110
12010031
12010130
12010131
12011030
12011031
12011130
12011131
12011230
12011231
12012030
12012031
12012130
12012131
12012230
12020030
12020031
12020130
12020131
12021030
12021031
12021130
12021131
12021230
12022030
12022031
12022130
12030020
12030021
12030030
12030031
12030110
12030120
12030121
12030130
12030131
12031010
12031020
12031021
12031030
12031031
12031110
12031120
12031121
12031130
12031210
12031220
12032010
12032020
12032021
12032030
12032110
12032120
12032210
12120030
12120031
12120130
12120131
12121030
12121031
12121130
12122030
12130010
12130020
12130021
12130030
12130031
12130110
12130120
12130121
12130130
12131010
12131020
12131021
12131030
12131110
12131120
12131210
12132010
12132020
12132110
12230010
12230020
12230021
12230030
12230110
12230120
12231010
12231020
12231110
12232010
20010131
20011031
20011130
20011131
20011230
20011231
20012030
20012031
20012130
20012131
20012230
20012231
20020031
20020130
20020131
20021030
20021031
20021130
20021131
20021230
20021231
20022030
20022031
20022130
20022131
20030021
20030031
20030120
20030121
20030130
20030131
20031020
20031021
20031030
20031031
20031110
20031120
20031121
20031130
20031131
20031210
20031220
20031221
20031230
20032010
20032020
20032021
20032030
20032031
20032110
20032120
20032121
20032130
20032210
20110031
20110130
20110131
20111030
20111031
20111130
20111131
20111230
20111231
20112030
20112031
20112130
20112131
20112230
20120030
20120031
20120130
20120131
20121030
20121031
20121130
20121131
20121230
20122030
20122031
20122130
20130020
20130021
20130030
20130031
20130110
20130120
20130121
20130130
20130131
20131010
20131020
20131021
20131030
20131031
20131110
20131120
20131121
20131130
20131210
20131220
20132010
20132020
20132021
20132030
20132110
20132120
20132210
20210030
20210031
20210130
20210131
20211030
20211031
20211130
20211131
20211230
20212030
20212031
20212130
20220030
20220031
20220130
20220131
20221030
20221031
20221130
20230010
20230020
20230021
20230030
20230031
20230110
20230120
20230121
20230130
20231010
20231020
20231021
20231030
20231110
20231120
20231210
20232010
20232110
21010031
21010130
21010131
21011030
21011031
21011130
21011131
21011230
21011231
21012030
21012031
21012130
21012131
21012230
21020030
21020031
21020130
21020131
21021030
21021031
21021130
21021131
21021230
21022030
21022031
21022130
21030020
21030021
21030030
21030031
21030110
21030120
21030121
21030130
21030131
21031010
21031020
21031021
21031030
21031031
21031110
21031120
21031121
21031130
21031210
21031220
21032010
21032020
21032021
21032030
21032110
21032120
21032210
21110030
21110031
21110130
21110131
21111030
21111031
21111130
21111131
21111230
21112030
21112031
21112130
21120030
21120031
21120130
21120131
21121030
21121031
21121130
21122030
21130010
21130020
21130021
21130030
21130031
21130110
21130120
21130121
21130130
21131010
21131020
21131021
21131030
21131110
21131120
21131210
21132010
21132020
21132110
21210030
21210031
21210130
21210131
21211030
21211031
21211130
21212030
21220030
21220031
21220130
21221030
21230010
21230020
21230021
21230030
21230110
21230120
21231010
21231020
21231110
21232010
22010030
22010130
22011030
22011130
22011131
22011230
22012030
22012031
22012130
22020030
22020031
22020130
22020131
22021030
22021031
22021130
22030010
22030020
22030021
22030030
22030031
22030110
22030120
22030121
22030130
22031010
22031020
22031021
22031030
22031110
22031120
22031210
22032010
22032110
22120030
22120031
22120130
22121030
22130020
22130021
22130030
22130120
22131020
22131110
22132010
30010031
30010121
30010130
30010131
30011021
30011030
30011031
30011120
30011121
30011130
30011131
30011210
30011220
30011221
30011230
30011231
30012020
30012021
30012030
30012031
30012110
30012120
30012121
30012130
30012131
30012210
30012220
30012221
30012230
30020021
30020031
30020120
30020121
30020130
30020131
30021020
30021021
30021030
30021031
30021110
30021120
30021121
30021130
30021131
30021210
30021220
30021221
30021230
30022010
30022020
30022021
30022030
30022031
30022110
30022120
30022121
30022130
30022210
30030021
30030031
30030110
30030120
30030121
30030130
30030131
30031010
30031020
30031021
30031030
30031031
30031110
30031120
30031121
30031130
30031210
30031220
30032010
30032020
30032021
30032030
30032110
30032120
30032210
30110021
30110030
30110031
30110120
30110121
30110130
30110131
30111020
30111021
30111030
30111031
30111110
30111120
30111121
30111130
30111131
30111210
30111220
30111221
30111230
30112010
30112020
30112021
30112030
30112031
30112110
30112120
30112121
30112130
30112210
30112220
30120020
30120021
30120030
30120031
30120110
30120120
30120121
30120130
30120131
30121010
30121020
30121021
30121030
30121031
30121110
30121120
30121121
30121130
30121210
30121220
30122010
30122020
30122021
30122030
30122110
30122120
30122210
30130010
30130020
30130021
30130030
30130031
30130110
30130120
30130121
30130130
30131010
30131020
30131021
30131030
30131110
30131120
30131210
30132010
30132020
30132110
30210020
30210021
30210030
30210031
30210110
30210120
30210121
30210130
30210131
30211010
30211020
30211021
30211030
30211031
30211110
30211120
30211121
30211130
30211210
30211220
30212010
30212020
30212021
30212030
30212110
30212120
30212210
30220010
30220020
30220021
30220030
30220031
30220110
30220120
30220121
30220130
30221010
30221020
30221021
30221030
30221110
30221120
30221210
30222010
30222110
30230010
30230020
30230021
30230030
30230110
30230120
30231010
30231020
30231110
30232010
31010021
31010030
31010120
31010121
31010130
31011020
31011021
31011030
31011110
31011120
31011121
31011130
31011131
31011210
31011220
31011221
31011230
31012010
31012020
31012021
31012030
31012031
31012110
31012120
31012121
31012130
31012220
31020020
31020021
31020030
31020031
31020110
31020120
31020121
31020130
31020131
31021010
31021020
31021021
31021030
31021031
31021110
31021120
31021121
31021130
31021210
31021220
31022010
31022020
31022021
31022030
31022110
31022120
31022210
31030010
31030020
31030021
31030030
31030031
31030110
31030120
31030121
31030130
31031010
31031020
31031021
31031030
31031110
31031120
31031210
31032010
31032020
31032110
31110020
31110021
31110030
31110031
31110110
31110120
31110121
31110130
31110131
31111010
31111020
31111021
31111030
31111031
31111110
31111120
31111121
31111130
31111210
31111220
31112010
31112020
31112021
31112030
31112110
31112120
31112210
31120010
31120020
31120021
31120030
31120031
31120110
31120120
31120121
31120130
31121010
31121020
31121021
31121030
31121110
31121120
31121210
31122010
31122020
31122110
31130020
31130021
31130030
31130120
31131020
31131110
31132010
31210010
31210020
31210021
31210030
31210031
31210110
31210120
31210121
31210130
31211010
31211020
31211021
31211030
31211110
31211120
31211210
31212010
31212020
31212110
31220020
31220021
31220030
31220120
31221020
31221110
31222010
31230020
32010020
32010021
32010030
32010120
32010121
32010130
32011020
32011021
32011030
32011110
32011120
32011121
32011130
32011210
32011220
32012010
32012020
32012021
32012030
32012110
32012120
32020010
32020020
32020021
32020030
32020031
32020110
32020120
32020121
32020130
32021010
32021020
32021021
32021030
32021110
32021120
32021210
32022010
32022110
32030010
32030020
32030021
32030030
32030110
32030120
32031010
32031020
32031110
32032010
32110010
32110020
32110021
32110030
32110031
32110110
32110120
32110121
32110130
32111010
32111020
32111021
32111030
32111110
32111120
32111210
32112010
32112020
32112110
32120010
32120020
32120021
32120030
32120110
32120120
32121010
32121020
32121110
32122010
32130020
32210010
32210020
32210021
32210030
32210110
32210120
32211010
32211020
32211110
32212010